# energy [MeV] vs. diff. cs per electron [Mbarn / MeV]
2.05925e-06  0
2.18127e-06  0
2.31052e-06  0
2.44743e-06  0
2.59245e-06  0
2.74606e-06  0
2.90877e-06  0
3.08113e-06  0
3.2637e-06  0
3.45708e-06  0
3.66193e-06  0
3.87891e-06  0
4.10875e-06  0
4.35221e-06  0
4.61009e-06  0
4.88326e-06  0
5.17261e-06  0
5.47911e-06  0
5.80377e-06  0
6.14766e-06  0
6.51193e-06  0
6.89779e-06  0
7.30651e-06  0
7.73945e-06  0
8.19804e-06  0
8.6838e-06  0
9.19835e-06  0
9.74338e-06  0
1.03207e-05  0
1.09323e-05  0
1.158e-05  0
1.22662e-05  0
1.2993e-05  6144.04
1.37629e-05  5053.78
1.45784e-05  3976.36
1.54422e-05  3132.36
1.63572e-05  2475.56
1.73265e-05  2139.33
1.83531e-05  2066.74
1.94406e-05  1993.48
2.05925e-05  1765.77
2.18127e-05  1520.12
2.31052e-05  1304.38
2.44743e-05  2402.37
2.59245e-05  3682.5
2.74606e-05  3120.2
2.90877e-05  2639.23
3.08113e-05  2234.68
3.2637e-05  1893.81
3.45708e-05  1600
3.66193e-05  1347.09
3.87891e-05  1135.36
4.10875e-05  958.058
4.35221e-05  806.391
4.61009e-05  677.899
4.88326e-05  570.602
5.17261e-05  482.154
5.47911e-05  408.372
5.80377e-05  346.42
6.14766e-05  293.296
6.51193e-05  243.359
6.89779e-05  201.962
7.30651e-05  170.297
7.73945e-05  144.068
8.19804e-05  122.046
8.6838e-05  103.095
9.19835e-05  86.5272
9.74338e-05  73.1454
0.000103207  61.8395
0.000109323  51.915
0.0001158  43.7026
0.000122662  36.8907
0.00012993  31.1602
0.000137629  26.3368
0.000145784  22.2969
0.000154422  18.8896
0.000163572  16.0719
0.000173265  13.7739
0.000183531  11.8361
0.000194406  10.1742
0.000205925  8.76133
0.000218127  7.5653
0.000231052  6.55089
0.000244743  5.68699
0.000259245  4.94175
0.000274606  4.28354
0.000290877  6.27588
0.000308113  5.63253
0.00032637  4.83206
0.000345708  4.15303
0.000366193  3.57599
0.000387891  3.07703
0.000410875  2.64513
0.000435221  2.27847
0.000461009  1.96692
0.000488326  1.70132
0.000517261  1.47359
0.000547911  1.27883
0.000580377  1.11182
0.000614766  0.968462
0.000651193  0.844917
0.000689779  0.738676
0.000730651  0.646216
0.000773945  0.565353
0.000819804  0.495381
0.00086838  0.434704
0.000919835  0.381964
0.000974338  0.336032
0.00103207  0.295968
0.00109323  0.260919
0.001158  0.23025
0.00122662  0.203387
0.0012993  0.179798
0.00137629  0.159065
0.00145784  0.140831
0.00154422  0.124765
0.00163572  0.110599
0.00173265  0.098097
0.00183531  0.0870495
0.00194406  0.0772819
0.00205925  0.0686398
0.00218127  0.0609855
0.00231052  0.0542029
0.00244743  0.048189
0.00259245  0.0428538
0.00274606  0.0381185
0.00290877  0.0339138
0.00308113  0.0301787
0.0032637  0.0268596
0.00345708  0.0239091
0.00366193  0.0212857
0.00387891  0.0189524
0.00410875  0.0168767
0.00435221  0.0150298
0.00461009  0.0133862
0.00488326  0.0119232
0.00517261  0.0106208
0.00547911  0.00946125
0.00580377  0.00842872
0.00614766  0.00750921
0.00651193  0.00669029
0.00689779  0.00596088
0.00730651  0.00531116
0.00773945  0.00473238
0.00819804  0.00421677
0.0086838  0.00375742
0.00919835  0.00334816
0.00974338  0.00298352
0.0103207  0.00265862
0.0109323  0.00236913
0.01158  0.00211118
0.0122662  0.00188132
0.012993  0.0016765
0.0137629  0.00149399
0.0145784  0.00133135
0.0154422  0.00118641
0.0163572  0.00105726
0.0173265  0.00094216
0.0183531  0.000839592
0.0194406  0.000748188
0.0205925  0.000666733
0.0218127  0.000594143
0.0231052  0.000529453
0.0244743  0.000471804
0.0259245  0.00042043
0.0274606  0.000374647
0.0290877  0.000333846
0.0308113  0.000297487
0.032637  0.000265086
0.0345708  0.000236211
0.0366193  0.000210479
0.0387891  0.000187547
0.0410875  0.000167112
0.0435221  0.000148902
0.0461009  0.000132674
0.0488326  0.000118213
0.0517261  0.000105326
0.0547911  9.38428e-05
0.0580377  8.36098e-05
0.0614766  7.44913e-05
0.0651193  6.63658e-05
0.0689779  5.91253e-05
0.0730651  5.26736e-05
0.0773945  4.69247e-05
0.0819804  4.18022e-05
0.086838  3.72378e-05
0.0919835  3.31708e-05
0.0974338  2.95471e-05
0.103207  2.63184e-05
0.109323  2.34417e-05
0.1158  2.08786e-05
0.122662  1.8595e-05
0.12993  1.65605e-05
0.137629  1.4748e-05
0.145784  1.31332e-05
0.154422  1.16946e-05
0.163572  1.04131e-05
0.173265  9.27143e-06
0.183531  8.25446e-06
0.194406  7.34858e-06
